BBBBBBBBBBBB
BCCCCCCCCCCB
BCCCCCCCCCCB
BCCCCCCCCCCB
BCCCCCCCCCCB
BCCCCCCCCCCB
BCCCCCCCCCCB
BCCCCCCCCCCB
BCCCCCCCCCCB
BBBBBBBBBBBB
   97   163   375   886   154   541   646   487   259   325   556   927 
  645   380   956   157    46   387   335   296   492   691   334    34 
  605   284   410   445   777   835   105   706   890   230    65   168 
  498   674   866   258   302   887   631   517   826   729   814   392 
  421   179   896   268   766   263     3   942   743   977   686   498 
   73   629   164   570   769   870   148   240   713   473   552    97 
  394   648   614   482   128   347   796   455    30   428   839   785 
  356   266   628   448   118   329   128   242   791   120   702   827 
  206   787   704   445   728   809    48   841   582   657    15   711 
  616   393   701   443   385    23    66   472   653   411   428    25 
   97   163   375   886   154   541   646   487   259   325   556   927 
  645   380   956   157    46   387   335   296   492   691   334    34 
  605   284   410   445   777   835   105   706   890   230    65   168 
  498   674   866   258   302   887   631   517   826   729   814   392 
  421   179   896   268   766   263     3   942   743   977   686   498 
   73   629   164   570   769   870   148   240   713   473   552    97 
  394   648   614   482   128   347   796   455    30   428   839   785 
  356   266   628   448   118   329   128   242   791   120   702   827 
  206   787   704   445   728   809    48   841   582   657    15   711 
  616   393   701   443   385    23    66   472   653   411   428    25 

Jestem na : 777
0 0 0 0 0 0 0 0 0 0 0 0 
0 0 0 0 0 0 0 0 0 0 0 0 
0 0 0 0 1 0 0 0 0 0 0 0 
0 0 0 0 0 0 0 0 0 0 0 0 
0 0 0 0 0 0 0 0 0 0 0 0 
0 0 0 0 0 0 0 0 0 0 0 0 
0 0 0 0 0 0 0 0 0 0 0 0 
0 0 0 0 0 0 0 0 0 0 0 0 
0 0 0 0 0 0 0 0 0 0 0 0 
0 0 0 0 0 0 0 0 0 0 0 0 

============================================

Wartosc sasiada 46
Wartosc sasiada 302
Wartosc sasiada 445
Wartosc sasiada 835
0 0 0 0 0 0 0 0 0 0 0 0 
0 0 0 0 0 0 0 0 0 0 0 0 
0 0 0 0 1 1 0 0 0 0 0 0 
0 0 0 0 0 0 0 0 0 0 0 0 
0 0 0 0 0 0 0 0 0 0 0 0 
0 0 0 0 0 0 0 0 0 0 0 0 
0 0 0 0 0 0 0 0 0 0 0 0 
0 0 0 0 0 0 0 0 0 0 0 0 
0 0 0 0 0 0 0 0 0 0 0 0 
0 0 0 0 0 0 0 0 0 0 0 0 

Jestem na : 835

============================================

============================================

Wartosc sasiada 105
Wartosc sasiada 387
Wartosc sasiada 887
0 0 0 0 0 0 0 0 0 0 0 0 
0 0 0 0 0 0 0 0 0 0 0 0 
0 0 0 0 1 1 0 0 0 0 0 0 
0 0 0 0 0 1 0 0 0 0 0 0 
0 0 0 0 0 0 0 0 0 0 0 0 
0 0 0 0 0 0 0 0 0 0 0 0 
0 0 0 0 0 0 0 0 0 0 0 0 
0 0 0 0 0 0 0 0 0 0 0 0 
0 0 0 0 0 0 0 0 0 0 0 0 
0 0 0 0 0 0 0 0 0 0 0 0 

Jestem na : 887

============================================

============================================

Wartosc sasiada 263
Wartosc sasiada 302
Wartosc sasiada 631
0 0 0 0 0 0 0 0 0 0 0 0 
0 0 0 0 0 0 0 0 0 0 0 0 
0 0 0 0 1 1 0 0 0 0 0 0 
0 0 0 0 0 1 1 0 0 0 0 0 
0 0 0 0 0 0 0 0 0 0 0 0 
0 0 0 0 0 0 0 0 0 0 0 0 
0 0 0 0 0 0 0 0 0 0 0 0 
0 0 0 0 0 0 0 0 0 0 0 0 
0 0 0 0 0 0 0 0 0 0 0 0 
0 0 0 0 0 0 0 0 0 0 0 0 

Jestem na : 631

============================================

============================================

Wartosc sasiada 3
Wartosc sasiada 105
Wartosc sasiada 517
0 0 0 0 0 0 0 0 0 0 0 0 
0 0 0 0 0 0 0 0 0 0 0 0 
0 0 0 0 1 1 0 0 0 0 0 0 
0 0 0 0 0 1 1 1 0 0 0 0 
0 0 0 0 0 0 0 0 0 0 0 0 
0 0 0 0 0 0 0 0 0 0 0 0 
0 0 0 0 0 0 0 0 0 0 0 0 
0 0 0 0 0 0 0 0 0 0 0 0 
0 0 0 0 0 0 0 0 0 0 0 0 
0 0 0 0 0 0 0 0 0 0 0 0 

Jestem na : 517

============================================

============================================

Wartosc sasiada 706
Wartosc sasiada 826
Wartosc sasiada 942
0 0 0 0 0 0 0 0 0 0 0 0 
0 0 0 0 0 0 0 0 0 0 0 0 
0 0 0 0 1 1 0 0 0 0 0 0 
0 0 0 0 0 1 1 1 0 0 0 0 
0 0 0 0 0 0 0 1 0 0 0 0 
0 0 0 0 0 0 0 0 0 0 0 0 
0 0 0 0 0 0 0 0 0 0 0 0 
0 0 0 0 0 0 0 0 0 0 0 0 
0 0 0 0 0 0 0 0 0 0 0 0 
0 0 0 0 0 0 0 0 0 0 0 0 

Jestem na : 942

============================================

============================================

Wartosc sasiada 3
Wartosc sasiada 240
Wartosc sasiada 743
0 0 0 0 0 0 0 0 0 0 0 0 
0 0 0 0 0 0 0 0 0 0 0 0 
0 0 0 0 1 1 0 0 0 0 0 0 
0 0 0 0 0 1 1 1 0 0 0 0 
0 0 0 0 0 0 0 1 1 0 0 0 
0 0 0 0 0 0 0 0 0 0 0 0 
0 0 0 0 0 0 0 0 0 0 0 0 
0 0 0 0 0 0 0 0 0 0 0 0 
0 0 0 0 0 0 0 0 0 0 0 0 
0 0 0 0 0 0 0 0 0 0 0 0 

Jestem na : 743

============================================

============================================

Wartosc sasiada 713
Wartosc sasiada 826
Wartosc sasiada 977
0 0 0 0 0 0 0 0 0 0 0 0 
0 0 0 0 0 0 0 0 0 0 0 0 
0 0 0 0 1 1 0 0 0 0 0 0 
0 0 0 0 0 1 1 1 0 0 0 0 
0 0 0 0 0 0 0 1 1 1 0 0 
0 0 0 0 0 0 0 0 0 0 0 0 
0 0 0 0 0 0 0 0 0 0 0 0 
0 0 0 0 0 0 0 0 0 0 0 0 
0 0 0 0 0 0 0 0 0 0 0 0 
0 0 0 0 0 0 0 0 0 0 0 0 

Jestem na : 977

============================================

============================================

Wartosc sasiada 473
Wartosc sasiada 686
Wartosc sasiada 729
0 0 0 0 0 0 0 0 0 0 0 0 
0 0 0 0 0 0 0 0 0 0 0 0 
0 0 0 0 1 1 0 0 0 0 0 0 
0 0 0 0 0 1 1 1 0 1 0 0 
0 0 0 0 0 0 0 1 1 1 0 0 
0 0 0 0 0 0 0 0 0 0 0 0 
0 0 0 0 0 0 0 0 0 0 0 0 
0 0 0 0 0 0 0 0 0 0 0 0 
0 0 0 0 0 0 0 0 0 0 0 0 
0 0 0 0 0 0 0 0 0 0 0 0 

Jestem na : 729

============================================

============================================

Wartosc sasiada 230
Wartosc sasiada 814
Wartosc sasiada 826
0 0 0 0 0 0 0 0 0 0 0 0 
0 0 0 0 0 0 0 0 0 0 0 0 
0 0 0 0 1 1 0 0 0 0 0 0 
0 0 0 0 0 1 1 1 1 1 0 0 
0 0 0 0 0 0 0 1 1 1 0 0 
0 0 0 0 0 0 0 0 0 0 0 0 
0 0 0 0 0 0 0 0 0 0 0 0 
0 0 0 0 0 0 0 0 0 0 0 0 
0 0 0 0 0 0 0 0 0 0 0 0 
0 0 0 0 0 0 0 0 0 0 0 0 

Jestem na : 826

============================================

============================================

Wartosc sasiada 890
0 0 0 0 0 0 0 0 0 0 0 0 
0 0 0 0 0 0 0 0 0 0 0 0 
0 0 0 0 1 1 0 0 1 0 0 0 
0 0 0 0 0 1 1 1 1 1 0 0 
0 0 0 0 0 0 0 1 1 1 0 0 
0 0 0 0 0 0 0 0 0 0 0 0 
0 0 0 0 0 0 0 0 0 0 0 0 
0 0 0 0 0 0 0 0 0 0 0 0 
0 0 0 0 0 0 0 0 0 0 0 0 
0 0 0 0 0 0 0 0 0 0 0 0 

Jestem na : 890

============================================

============================================

Wartosc sasiada 230
Wartosc sasiada 492
Wartosc sasiada 706
0 0 0 0 0 0 0 0 0 0 0 0 
0 0 0 0 0 0 0 0 0 0 0 0 
0 0 0 0 1 1 0 1 1 0 0 0 
0 0 0 0 0 1 1 1 1 1 0 0 
0 0 0 0 0 0 0 1 1 1 0 0 
0 0 0 0 0 0 0 0 0 0 0 0 
0 0 0 0 0 0 0 0 0 0 0 0 
0 0 0 0 0 0 0 0 0 0 0 0 
0 0 0 0 0 0 0 0 0 0 0 0 
0 0 0 0 0 0 0 0 0 0 0 0 

Jestem na : 706

============================================

============================================

Wartosc sasiada 105
Wartosc sasiada 296
0 0 0 0 0 0 0 0 0 0 0 0 
0 0 0 0 0 0 0 1 0 0 0 0 
0 0 0 0 1 1 0 1 1 0 0 0 
0 0 0 0 0 1 1 1 1 1 0 0 
0 0 0 0 0 0 0 1 1 1 0 0 
0 0 0 0 0 0 0 0 0 0 0 0 
0 0 0 0 0 0 0 0 0 0 0 0 
0 0 0 0 0 0 0 0 0 0 0 0 
0 0 0 0 0 0 0 0 0 0 0 0 
0 0 0 0 0 0 0 0 0 0 0 0 

Jestem na : 296

============================================

============================================

Wartosc sasiada 335
Wartosc sasiada 487
Wartosc sasiada 492
0 0 0 0 0 0 0 0 0 0 0 0 
0 0 0 0 0 0 0 1 1 0 0 0 
0 0 0 0 1 1 0 1 1 0 0 0 
0 0 0 0 0 1 1 1 1 1 0 0 
0 0 0 0 0 0 0 1 1 1 0 0 
0 0 0 0 0 0 0 0 0 0 0 0 
0 0 0 0 0 0 0 0 0 0 0 0 
0 0 0 0 0 0 0 0 0 0 0 0 
0 0 0 0 0 0 0 0 0 0 0 0 
0 0 0 0 0 0 0 0 0 0 0 0 

Jestem na : 492

============================================

============================================

Wartosc sasiada 259
Wartosc sasiada 691
0 0 0 0 0 0 0 0 0 0 0 0 
0 0 0 0 0 0 0 1 1 1 0 0 
0 0 0 0 1 1 0 1 1 0 0 0 
0 0 0 0 0 1 1 1 1 1 0 0 
0 0 0 0 0 0 0 1 1 1 0 0 
0 0 0 0 0 0 0 0 0 0 0 0 
0 0 0 0 0 0 0 0 0 0 0 0 
0 0 0 0 0 0 0 0 0 0 0 0 
0 0 0 0 0 0 0 0 0 0 0 0 
0 0 0 0 0 0 0 0 0 0 0 0 

Jestem na : 691

============================================

============================================

Wartosc sasiada 230
Wartosc sasiada 325
Wartosc sasiada 334
0 0 0 0 0 0 0 0 0 0 0 0 
0 0 0 0 0 0 0 1 1 1 1 0 
0 0 0 0 1 1 0 1 1 0 0 0 
0 0 0 0 0 1 1 1 1 1 0 0 
0 0 0 0 0 0 0 1 1 1 0 0 
0 0 0 0 0 0 0 0 0 0 0 0 
0 0 0 0 0 0 0 0 0 0 0 0 
0 0 0 0 0 0 0 0 0 0 0 0 
0 0 0 0 0 0 0 0 0 0 0 0 
0 0 0 0 0 0 0 0 0 0 0 0 

Jestem na : 334

============================================

============================================

Wartosc sasiada 34
Wartosc sasiada 65
Wartosc sasiada 556
0 0 0 0 0 0 0 0 0 0 1 0 
0 0 0 0 0 0 0 1 1 1 1 0 
0 0 0 0 1 1 0 1 1 0 0 0 
0 0 0 0 0 1 1 1 1 1 0 0 
0 0 0 0 0 0 0 1 1 1 0 0 
0 0 0 0 0 0 0 0 0 0 0 0 
0 0 0 0 0 0 0 0 0 0 0 0 
0 0 0 0 0 0 0 0 0 0 0 0 
0 0 0 0 0 0 0 0 0 0 0 0 
0 0 0 0 0 0 0 0 0 0 0 0 

Jestem na : 556

============================================

============================================

Wartosc sasiada 325
Wartosc sasiada 927
0 0 0 0 0 0 0 0 0 0 1 1 
0 0 0 0 0 0 0 1 1 1 1 0 
0 0 0 0 1 1 0 1 1 0 0 0 
0 0 0 0 0 1 1 1 1 1 0 0 
0 0 0 0 0 0 0 1 1 1 0 0 
0 0 0 0 0 0 0 0 0 0 0 0 
0 0 0 0 0 0 0 0 0 0 0 0 
0 0 0 0 0 0 0 0 0 0 0 0 
0 0 0 0 0 0 0 0 0 0 0 0 
0 0 0 0 0 0 0 0 0 0 0 0 

Jestem na : 927

============================================

============================================

Wartosc sasiada 34
0 0 0 0 0 0 0 0 0 0 1 1 
0 0 0 0 0 0 0 1 1 1 1 1 
0 0 0 0 1 1 0 1 1 0 0 0 
0 0 0 0 0 1 1 1 1 1 0 0 
0 0 0 0 0 0 0 1 1 1 0 0 
0 0 0 0 0 0 0 0 0 0 0 0 
0 0 0 0 0 0 0 0 0 0 0 0 
0 0 0 0 0 0 0 0 0 0 0 0 
0 0 0 0 0 0 0 0 0 0 0 0 
0 0 0 0 0 0 0 0 0 0 0 0 

Jestem na : 34

============================================

============================================

Wartosc sasiada 168
0 0 0 0 0 0 0 0 0 0 1 1 
0 0 0 0 0 0 0 1 1 1 1 1 
0 0 0 0 1 1 0 1 1 0 0 1 
0 0 0 0 0 1 1 1 1 1 0 0 
0 0 0 0 0 0 0 1 1 1 0 0 
0 0 0 0 0 0 0 0 0 0 0 0 
0 0 0 0 0 0 0 0 0 0 0 0 
0 0 0 0 0 0 0 0 0 0 0 0 
0 0 0 0 0 0 0 0 0 0 0 0 
0 0 0 0 0 0 0 0 0 0 0 0 

Jestem na : 168

============================================

============================================

Wartosc sasiada 65
Wartosc sasiada 392
0 0 0 0 0 0 0 0 0 0 1 1 
0 0 0 0 0 0 0 1 1 1 1 1 
0 0 0 0 1 1 0 1 1 0 0 1 
0 0 0 0 0 1 1 1 1 1 0 1 
0 0 0 0 0 0 0 1 1 1 0 0 
0 0 0 0 0 0 0 0 0 0 0 0 
0 0 0 0 0 0 0 0 0 0 0 0 
0 0 0 0 0 0 0 0 0 0 0 0 
0 0 0 0 0 0 0 0 0 0 0 0 
0 0 0 0 0 0 0 0 0 0 0 0 

Jestem na : 392

============================================

============================================

Wartosc sasiada 498
Wartosc sasiada 814
0 0 0 0 0 0 0 0 0 0 1 1 
0 0 0 0 0 0 0 1 1 1 1 1 
0 0 0 0 1 1 0 1 1 0 0 1 
0 0 0 0 0 1 1 1 1 1 1 1 
0 0 0 0 0 0 0 1 1 1 0 0 
0 0 0 0 0 0 0 0 0 0 0 0 
0 0 0 0 0 0 0 0 0 0 0 0 
0 0 0 0 0 0 0 0 0 0 0 0 
0 0 0 0 0 0 0 0 0 0 0 0 
0 0 0 0 0 0 0 0 0 0 0 0 

Jestem na : 814

============================================

============================================

Wartosc sasiada 65
Wartosc sasiada 686
0 0 0 0 0 0 0 0 0 0 1 1 
0 0 0 0 0 0 0 1 1 1 1 1 
0 0 0 0 1 1 0 1 1 0 0 1 
0 0 0 0 0 1 1 1 1 1 1 1 
0 0 0 0 0 0 0 1 1 1 1 0 
0 0 0 0 0 0 0 0 0 0 0 0 
0 0 0 0 0 0 0 0 0 0 0 0 
0 0 0 0 0 0 0 0 0 0 0 0 
0 0 0 0 0 0 0 0 0 0 0 0 
0 0 0 0 0 0 0 0 0 0 0 0 

Jestem na : 686

============================================

============================================

Wartosc sasiada 498
Wartosc sasiada 552
0 0 0 0 0 0 0 0 0 0 1 1 
0 0 0 0 0 0 0 1 1 1 1 1 
0 0 0 0 1 1 0 1 1 0 0 1 
0 0 0 0 0 1 1 1 1 1 1 1 
0 0 0 0 0 0 0 1 1 1 1 0 
0 0 0 0 0 0 0 0 0 0 1 0 
0 0 0 0 0 0 0 0 0 0 0 0 
0 0 0 0 0 0 0 0 0 0 0 0 
0 0 0 0 0 0 0 0 0 0 0 0 
0 0 0 0 0 0 0 0 0 0 0 0 

Jestem na : 552

============================================

============================================

Wartosc sasiada 97
Wartosc sasiada 473
Wartosc sasiada 839
0 0 0 0 0 0 0 0 0 0 1 1 
0 0 0 0 0 0 0 1 1 1 1 1 
0 0 0 0 1 1 0 1 1 0 0 1 
0 0 0 0 0 1 1 1 1 1 1 1 
0 0 0 0 0 0 0 1 1 1 1 0 
0 0 0 0 0 0 0 0 0 0 1 0 
0 0 0 0 0 0 0 0 0 0 1 0 
0 0 0 0 0 0 0 0 0 0 0 0 
0 0 0 0 0 0 0 0 0 0 0 0 
0 0 0 0 0 0 0 0 0 0 0 0 

Jestem na : 839

============================================

============================================

Wartosc sasiada 428
Wartosc sasiada 702
Wartosc sasiada 785
0 0 0 0 0 0 0 0 0 0 1 1 
0 0 0 0 0 0 0 1 1 1 1 1 
0 0 0 0 1 1 0 1 1 0 0 1 
0 0 0 0 0 1 1 1 1 1 1 1 
0 0 0 0 0 0 0 1 1 1 1 0 
0 0 0 0 0 0 0 0 0 0 1 0 
0 0 0 0 0 0 0 0 0 0 1 1 
0 0 0 0 0 0 0 0 0 0 0 0 
0 0 0 0 0 0 0 0 0 0 0 0 
0 0 0 0 0 0 0 0 0 0 0 0 

Jestem na : 785

============================================

============================================

Wartosc sasiada 97
Wartosc sasiada 827
0 0 0 0 0 0 0 0 0 0 1 1 
0 0 0 0 0 0 0 1 1 1 1 1 
0 0 0 0 1 1 0 1 1 0 0 1 
0 0 0 0 0 1 1 1 1 1 1 1 
0 0 0 0 0 0 0 1 1 1 1 0 
0 0 0 0 0 0 0 0 0 0 1 0 
0 0 0 0 0 0 0 0 0 0 1 1 
0 0 0 0 0 0 0 0 0 0 0 1 
0 0 0 0 0 0 0 0 0 0 0 0 
0 0 0 0 0 0 0 0 0 0 0 0 

Jestem na : 827

============================================

============================================

Wartosc sasiada 702
Wartosc sasiada 711
0 0 0 0 0 0 0 0 0 0 1 1 
0 0 0 0 0 0 0 1 1 1 1 1 
0 0 0 0 1 1 0 1 1 0 0 1 
0 0 0 0 0 1 1 1 1 1 1 1 
0 0 0 0 0 0 0 1 1 1 1 0 
0 0 0 0 0 0 0 0 0 0 1 0 
0 0 0 0 0 0 0 0 0 0 1 1 
0 0 0 0 0 0 0 0 0 0 0 1 
0 0 0 0 0 0 0 0 0 0 0 1 
0 0 0 0 0 0 0 0 0 0 0 0 

Jestem na : 711

============================================

============================================

Wartosc sasiada 15
Wartosc sasiada 25
0 0 0 0 0 0 0 0 0 0 1 1 
0 0 0 0 0 0 0 1 1 1 1 1 
0 0 0 0 1 1 0 1 1 0 0 1 
0 0 0 0 0 1 1 1 1 1 1 1 
0 0 0 0 0 0 0 1 1 1 1 0 
0 0 0 0 0 0 0 0 0 0 1 0 
0 0 0 0 0 0 0 0 0 0 1 1 
0 0 0 0 0 0 0 0 0 0 0 1 
0 0 0 0 0 0 0 0 0 0 0 1 
0 0 0 0 0 0 0 0 0 0 0 1 

Jestem na : 25

============================================

============================================

Wartosc sasiada 428
0 0 0 0 0 0 0 0 0 0 1 1 
0 0 0 0 0 0 0 1 1 1 1 1 
0 0 0 0 1 1 0 1 1 0 0 1 
0 0 0 0 0 1 1 1 1 1 1 1 
0 0 0 0 0 0 0 1 1 1 1 0 
0 0 0 0 0 0 0 0 0 0 1 0 
0 0 0 0 0 0 0 0 0 0 1 1 
0 0 0 0 0 0 0 0 0 0 0 1 
0 0 0 0 0 0 0 0 0 0 0 1 
0 0 0 0 0 0 0 0 0 0 1 1 

Jestem na : 428

============================================

============================================

Wartosc sasiada 15
Wartosc sasiada 411
0 0 0 0 0 0 0 0 0 0 1 1 
0 0 0 0 0 0 0 1 1 1 1 1 
0 0 0 0 1 1 0 1 1 0 0 1 
0 0 0 0 0 1 1 1 1 1 1 1 
0 0 0 0 0 0 0 1 1 1 1 0 
0 0 0 0 0 0 0 0 0 0 1 0 
0 0 0 0 0 0 0 0 0 0 1 1 
0 0 0 0 0 0 0 0 0 0 0 1 
0 0 0 0 0 0 0 0 0 0 0 1 
0 0 0 0 0 0 0 0 0 1 1 1 

Jestem na : 411

============================================

============================================

Wartosc sasiada 653
Wartosc sasiada 657
0 0 0 0 0 0 0 0 0 0 1 1 
0 0 0 0 0 0 0 1 1 1 1 1 
0 0 0 0 1 1 0 1 1 0 0 1 
0 0 0 0 0 1 1 1 1 1 1 1 
0 0 0 0 0 0 0 1 1 1 1 0 
0 0 0 0 0 0 0 0 0 0 1 0 
0 0 0 0 0 0 0 0 0 0 1 1 
0 0 0 0 0 0 0 0 0 0 0 1 
0 0 0 0 0 0 0 0 0 1 0 1 
0 0 0 0 0 0 0 0 0 1 1 1 

Jestem na : 657

============================================

============================================

Wartosc sasiada 15
Wartosc sasiada 120
Wartosc sasiada 582
0 0 0 0 0 0 0 0 0 0 1 1 
0 0 0 0 0 0 0 1 1 1 1 1 
0 0 0 0 1 1 0 1 1 0 0 1 
0 0 0 0 0 1 1 1 1 1 1 1 
0 0 0 0 0 0 0 1 1 1 1 0 
0 0 0 0 0 0 0 0 0 0 1 0 
0 0 0 0 0 0 0 0 0 0 1 1 
0 0 0 0 0 0 0 0 0 0 0 1 
0 0 0 0 0 0 0 0 1 1 0 1 
0 0 0 0 0 0 0 0 0 1 1 1 

Jestem na : 582

============================================

============================================

Wartosc sasiada 653
Wartosc sasiada 791
Wartosc sasiada 841
0 0 0 0 0 0 0 0 0 0 1 1 
0 0 0 0 0 0 0 1 1 1 1 1 
0 0 0 0 1 1 0 1 1 0 0 1 
0 0 0 0 0 1 1 1 1 1 1 1 
0 0 0 0 0 0 0 1 1 1 1 0 
0 0 0 0 0 0 0 0 0 0 1 0 
0 0 0 0 0 0 0 0 0 0 1 1 
0 0 0 0 0 0 0 0 0 0 0 1 
0 0 0 0 0 0 0 1 1 1 0 1 
0 0 0 0 0 0 0 0 0 1 1 1 

Jestem na : 841

============================================

============================================

Wartosc sasiada 48
Wartosc sasiada 242
Wartosc sasiada 472
0 0 0 0 0 0 0 0 0 0 1 1 
0 0 0 0 0 0 0 1 1 1 1 1 
0 0 0 0 1 1 0 1 1 0 0 1 
0 0 0 0 0 1 1 1 1 1 1 1 
0 0 0 0 0 0 0 1 1 1 1 0 
0 0 0 0 0 0 0 0 0 0 1 0 
0 0 0 0 0 0 0 0 0 0 1 1 
0 0 0 0 0 0 0 0 0 0 0 1 
0 0 0 0 0 0 0 1 1 1 0 1 
0 0 0 0 0 0 0 1 0 1 1 1 

Jestem na : 472

============================================

============================================

Wartosc sasiada 66
Wartosc sasiada 653
0 0 0 0 0 0 0 0 0 0 1 1 
0 0 0 0 0 0 0 1 1 1 1 1 
0 0 0 0 1 1 0 1 1 0 0 1 
0 0 0 0 0 1 1 1 1 1 1 1 
0 0 0 0 0 0 0 1 1 1 1 0 
0 0 0 0 0 0 0 0 0 0 1 0 
0 0 0 0 0 0 0 0 0 0 1 1 
0 0 0 0 0 0 0 0 0 0 0 1 
0 0 0 0 0 0 0 1 1 1 0 1 
0 0 0 0 0 0 0 1 1 1 1 1 

Jestem na : 653

============================================

============================================
